=== DOC IDs UNTUK SETIAP QUERY ===

Query: 'obat jantung'
Doc IDs: 4251, 4255, 4252, 4248, 481, 4358, 4536, 4713, 3906, 3916, 1384, 4529, 3944, 4528, 3943, 4158, 4392, 3901, 4169, 4164
Total: 20 obat

Query: 'obat stres'
Doc IDs: 232, 4560, 4176, 3718, 3901, 4710
Total: 6 obat

Query: 'krim wajah'
Doc IDs: 573, 2606, 3503, 3663, 3533, 3377, 3353, 3652, 3289, 3374, 3553, 3463, 3312, 3372, 3409, 2580, 3461, 3383, 2428, 3460, 3304, 3528, 3283, 3476, 3491, 3318, 3492, 2448, 558, 3632, 3456, 3405, 3379, 3477, 3315, 3655, 3301, 3455, 3631, 3442, 3696, 3438, 2611, 3288, 3496, 3498, 604, 3373, 3396, 3466
Total: 50 obat

Query: 'obat oles untuk luka bakar ringan yang tidak perih'
Doc IDs: 2633, 2469, 2604, 2617, 2571, 2481, 2534, 2632, 847, 2578, 2541, 2629, 2485, 2597, 3569, 2287, 2546, 2639, 2616, 2585, 2614, 2618, 2545, 2628, 2500, 2561, 2459, 2619, 4117, 2398, 3955, 2622, 2284, 3225, 2010, 1157, 2610, 2568, 2569, 2562, 2495, 2563, 1163, 3583, 3982, 2385, 3972, 2564, 296, 343
Total: 50 obat

Query: 'obat herbal apa yang sudah terdaftar BPOM'
Doc IDs: 1236, 1248, 1609, 1597, 1247, 1278, 1277, 1608, 1639, 1640, 1279, 1638, 1240, 1601, 4706, 187, 3807, 1484, 1253, 1614, 4485, 1621, 1260, 4587, 4311, 1604, 1243, 2034, 2005, 1966, 4551, 223, 1246, 1607, 1283, 1644, 4176, 1613, 1252, 1262, 1623, 4286, 4306, 1602, 1241, 1244, 1605, 1270, 1631, 4697
Total: 50 obat

Query: 'obat flu untuk balita'
Doc IDs: 1155, 1156, 1162, 1002, 1061, 1030, 1031, 954, 957, 982, 949, 549, 542, 935, 1237, 1598, 878, 1088, 1087, 894, 1083, 1196, 1595, 1234, 921, 1006, 952, 1141, 2227, 1058, 996, 955, 901, 1062, 1059, 533, 1116, 993, 940, 1206, 1216, 1192, 1032, 576, 1007, 1012, 943, 1024, 939, 1124
Total: 50 obat

